18611691049 迭代 却无法参加 123258 152014665但我觉得 18682265024
18411632868
18411631100 迭代 却无法参加 123258 152014665但我觉得
17107703029
18611691048
13311050833
13311050834
13311050835 迭代 却无法参加 123258 152014665但我觉得
13311050836
13001021549
18601192900
18306678884
18218020064
15510361761
13261884337
18601203177
18601192900
18518177000
18601035959
13001015238
18511188998
13001013322
13000494022
18600034111
18600060550
18612807599
18610926322
18500859558
13001001677
13001003873
18510336567
18614078800
13001024278
13000459220
13000117374
18611994822
13001011210
18611438080
18500091811
18513853434
18511707578
18600233099
18513210248
18518884777
13000450090
18610822522
13000479728
13000467396
13000482867
13001008030
13000490839
18611612700
13000455804
13000456709
13000468488
13000112383
18513834958
18515130700
18611593500
18610501066
18510868128
18500405118
13000475281
18513423663
18611860999
13000457715
18612182199
18511289578
18518065299
13000486631
18500204355
13001018461
18618222260
17600520405
18600723022
18518170011
18510118358
18611712666
13000477381
18518318677
18501309748
18511997000
13001010431
18513355588
18611594633
18610335552
18601083553
18500846969
13000119584
13000452522
18511705618
13000492618
18610011877
13000473225
13001004399
18600785922
18611091122
18600106411
18600349377
13000487997
13001015192
18611322833
18500158488
18513086398
13000481971
15652958005
18612319998
13001021571
13000464889
18511402345
13011891111
18611576989
18510979997
18513353518
18600819456
13001029834
13000106868
13000450543
13000105453
13051513852
18500259158
13000468524
13000492307
13001023527
13000494709
18614092422
18614268500
18501090456
13000110349
18611667788
18610918555
13000472008
18511522229
13121918841
18612329996
18611590388
13000100232
18600550055
18501254797
18510351222
18611173477
13001029262
13000462790
13000458519
18601039611
13001021160
18510701313
18610818466
13001010394
13000461582
18601081877
13000455265
15510036206
13000456522
18600131922
18510898898
13000494440
13000107597
18515156522
18601115155
18513020930
18513855088
13001025834
18518629911
18600152699
13000485993
18500167788
13000116225
18612096660
13000452516
13001007213
18500855268
18600373911
13001012553
18513584678
13000481250
13001016382
13001011784
13001013261
13000117575
18500988711
18612852611
18611281877
18511867733
13000474287
18618308599
18610791010
13001017174
18513337673
13000493263
13000473972
18611056012
13000466019
18611694399
13000493804
18600107966
13000490019
18510748618
18611721331
18612178088
18612419133
18511528884
13000452569
13000102172
17600859695
13000452919
13000495568
18510007138
17611333751
18618190500
13000498009
18600046556
18513553828
18518910711
13000498571
18601997066
13000116475
13000102316
13001009033
13000479512
13000464244
18600298611
18510188122
18500681998
13001004124
18600209155
18510949000
13001006980
13000477944
18611496456
13001022912
18500670098
18618243773
18612992099
13000485742
18610729533
13000476139
18610936399
13001009348
13240828333
13000464665
18600329599
18510170300
13000102597
18513351133
13001008879
18618148199
18600906400
13000118152
13001013545
18612511355
18501189422
13071136639
13000498751
18500616358
18501368038
18513653566
13001008585
18500335628
18611165633
18612605511
13000454736
18513691433
18500285711
13001029212
13000454759
13000472812
18612244334
13000103445
13001014299
17600012055
13000473831
13120250185
13001025861
18612427714
13000115590
13000107172
13001014164
14515519308
18611828200
13001012683
13000457391
13260330275
18513418677
18611236388
18510310168
13000112346
13001009549
13000473825
17600444198
18600123366
18618334224
13000105480
18511812018
18511878887
18600764650
18618210005
13000481968
13000455018
18613861211
13000488034
18500147268
18510009559
18618229595
13001009190
18511619455
13161661343
18610203852
13021229777
18510637355
18501267766
18513760838
13001028376
13000477151
18611375700
13001028128
13000469116
18611694545
18511390808
13001006547
18510669990
13000473292
13001021800
18518983636
18611035511
13000452119
18500633693
18513178518
13000463261
13000494427
18610808899
18610550904
18500383655
18600278888
13001024321
13241578555
18612002345
13001011285
18601125911
18511479968
18614020733
18510118800
18618133344
18501053155
18601116996
18500155755
13001027043
13000467769
18513418688
13000455639
18501127227
18610105252
13000115029
18610192221
18601196111
13000496343
13001006963
18612133600
13001027813
18600637966
13001028343
18610313553
18600416600
13001027857
13000472575
18514027188
18513827866
13121400325
13000497358
18511441112
18610767866
18500907666
18601930007
13001022818
13000105355
18600692499
18611973755
18513140770
13001015531
18611496777
13001026548
13000455028
18511219191
18611089577
18611868588
18500525802
18500866599
18614083366
13000479888
18600379339
18513579888
18500216588
18610189822
13000476223
18501176128
18600061117
13001027810
18500315538
13000455556
13000453632
13000453156
18500123123
13000455672
13000468056
18600046661
18513737718
18600163337
18601044266
13000459261
13001004600
13001026284
18611581194
18600661115
13000482441
18601399234
13001029569
18518564866
18610119339
13000493765
13000118527
13001021348
18510508138
13000457407
18518104511
13001001022
18601997004
18612909666
18513922455
13000102767
18600835488
13001003619
18611182722
13000104324
18500060988
13000460476
18611727012
18500240433
18500204844
18600028666
13001020835
18612735678
18612691288
13000490748
13000483548
13000473754
13000470171
18610319577
13000116655
18513314441
18612384733
18513683444
13000458922
18510234198
13000104413
13261427387
18618165077
13000116423
13000484890
18511753012
18511835068
18601995577
13000467001
18501186699
13001017239
13000101396
13000117777
18601174449
13000494190
18600636363
18601025148
18601342266
13000460234
18611247557
18501804037
18618375252
18511801233
13000479934
13000493047
18610762662
13000112545
13000464966
18500348033
13000495169
13000494770
18501117488
18612484777
13001011594
13000457217
13000461840
18610361622
13000460254
18510743799
18510786278
13001022315
18612853566
18611811977
13000487133
18600938911
18600858511
17600111948
18513183811
18611259311
13000497753
13001002383
18500900928
18511671600
18601377997
18510117611
13000467525
13001020539
